47065 amsterdam01 24482
47065 amsterdam01 9002
47065 ufmg01 10417 1916 20080 11096 11164 14361
47065 isi01 226 2914 2497
47065 isi01 226 19151
47065 amsterdam01 9304
47065 isi01 226 2914 62567
47065 isi01 226 13030
47065 amsterdam01 12637
47065 amsterdam01 24482
47065 amsterdam01 51185
47065 amsterdam01 8283 3356 28941
47065 gatech01 2637 174 15605
47065 amsterdam01 8283 3257 5396
47065 amsterdam01 12779
47065 amsterdam01 49605
47065 gatech01 2637 174 5392
47065 gatech01 2637 174 41497
47065 amsterdam01 50304
47065 amsterdam01 8283 3356 29608
47065 isi01 226 2914 7018
47065 amsterdam01 8283 3356 3549
47065 amsterdam01 50300
47065 gatech01 2637 174 4637 1221 4608
47065 gatech01 2637 2637 2637 10490 11537 22388 7660 2500 2500 2500 4777
47065 amsterdam01 50304 57381
47065 amsterdam01 8283 3257 12586 57821
47065 gatech01 2637 174 22652
47065 amsterdam01 8283 3257
47065 ufmg01 10417 1916 20080 1836
47065 amsterdam01 8220 8758
47065 amsterdam01 8468
47065 amsterdam01 8283 286
47065 amsterdam01 8283 3356 29611
47065 amsterdam01 8283 3356 13009 8419
47065 isi01 226 2914 8607
47065 gatech01 2637 174 25160
47065 isi01 226 2914
47065 isi01 226 13030
47065 isi01 226 2914 29636
47065 gatech01 2637 174 51945 56730
47065 ufmg01 10417 1916
47065 ufmg01 10417 1916 28329
47065 ufmg01 10417 1916 52888
47065 ufmg01 10417 1916 16735
47065 ufmg01 10417 1916 263584
47065 ufmg01 10417 1916 263584
47065 ufmg01 10417 1916 28220
47065 ufmg01 10417 1916 52720
47065 ufmg01 10417 1916 53070
47065 ufmg01 10417 1916 28329
47065 ufmg01 10417 1916 28138
47065 ufmg01 10417 1916 28138
47065 ufmg01 10417 1916 22548
47065 ufmg01 10417 1916 14840
47065 amsterdam01 47872
47065 amsterdam01 9002
47065 amsterdam01 24482
47065 amsterdam01 20764
47065 amsterdam01 34781
47065 amsterdam01 8283 3356 35054
47065 gatech01 2637 174 12350
47065 gatech01 2637 174 29222
47065 amsterdam01 20932
47065 amsterdam01 25091
47065 ufmg01 10417 1916 27750 20965 513
47065 amsterdam01 39912
47065 amsterdam01 13237
47065 amsterdam01 1764 1853
47065 amsterdam01 1764 1853 6720
47065 amsterdam01 43531 8596
47065 amsterdam01 12859
47065 amsterdam01 20562
47065 amsterdam01 20562
47065 amsterdam01 50763
47065 amsterdam01 30132
47065 amsterdam01 8283 15435
47065 isi01 226 2914 6453
47065 amsterdam01 20562 8455
47065 amsterdam01 8283
47065 ufmg01 10417 1916 27750 20965 1103
47065 amsterdam01 8283 3491
47065 ufmg01 10417 1916 20080 25152
47065 ufmg01 10417 1916 20080
47065 amsterdam01 28917
47065 amsterdam01 24482
47065 amsterdam01 9002
47065 isi01 226 20388 50139 2895
47065 amsterdam01 28917 39821
47065 amsterdam01 3252
47065 amsterdam01 8283 3356 41095
47065 amsterdam01 20764
47065 amsterdam01 25220
47065 amsterdam01 13237
47065 amsterdam01 8283 3356 8222
47065 amsterdam01 44953 9189
47065 ufmg01 10417 1916 27750 20965 680
47065 ufmg01 10417 1916 27750 20965 680 553
47065 ufmg01 10417 1916 20080 20080 20080 20080 6762
47065 amsterdam01 8283 48166
47065 amsterdam01 8283 3257
47065 amsterdam01 29140
47065 isi01 226 2914 4589
47065 isi01 226 2914
47065 amsterdam01 8283 3257 29686
47065 amsterdam01 34288
47065 seattle01 6939 25152
47065 isi01 226 2914 2497
47065 isi01 226 19151
47065 isi01 226 2914
47065 isi01 226 2914 2497
47065 isi01 226 2914 1280
47065 isi01 226 2914 14061
47065 ufmg01 10417 1916 20080 20080 20080 20080 6762
47065 gatech01 2637 2637 2637 10490 11537 11537 7575
